,0,1
0,L,2
1,P,3
2,m,4
3,z,5
4,0,6
5,7,7
6,G,8
7,Y,9
8,",",10
9,q,11
10,r,12
11,t,13
12,6,14
13,g,15
14,H,16
15,R,17
16,e,18
17,T,19
18,/,20
19,Q,21
20,c,22
21,5,23
22,B,24
23,K,25
24,.,26
25,E,27
26,1,28
27,2,29
28,(,30
29,-,31
30,f,32
31,3,33
32,Z,34
33,j,35
34,O,36
35,U,37
36,d,38
37,J,39
38,:,40
39,h,41
40,F,42
41,b,43
42,',44
43,!,45
44,A,46
45,o,47
46,4,48
47,W,49
48,S,50
49,v,51
50,C,52
51,),53
52,s,54
53,k,55
54,_,56
55,D,57
56,i,58
57,p,59
58,u,60
59,V,61
60,n,62
61,8,63
62,;,64
63,I,65
64,x,66
65,N,67
66,l,68
67,y,69
68,M,70
69,a,71
70,w,72
71,9,73
72,UNK,1
73,PAD,0
