,0,1
0,2,L
1,3,P
2,4,m
3,5,z
4,6,0
5,7,7
6,8,G
7,9,Y
8,10,","
9,11,q
10,12,r
11,13,t
12,14,6
13,15,g
14,16,H
15,17,R
16,18,e
17,19,T
18,20,/
19,21,Q
20,22,c
21,23,5
22,24,B
23,25,K
24,26,.
25,27,E
26,28,1
27,29,2
28,30,(
29,31,-
30,32,f
31,33,3
32,34,Z
33,35,j
34,36,O
35,37,U
36,38,d
37,39,J
38,40,:
39,41,h
40,42,F
41,43,b
42,44,'
43,45,!
44,46,A
45,47,o
46,48,4
47,49,W
48,50,S
49,51,v
50,52,C
51,53,)
52,54,s
53,55,k
54,56,_
55,57,D
56,58,i
57,59,p
58,60,u
59,61,V
60,62,n
61,63,8
62,64,;
63,65,I
64,66,x
65,67,N
66,68,l
67,69,y
68,70,M
69,71,a
70,72,w
71,73,9
72,1,UNK
73,0,PAD
